0 1 2 3 4 5 6 7 8 9 10 11 12 13 14 15 16 17 18 19 20 21 22 23 24 25 26 27 28 29 30 31 32 33 34 35 36 37 38 39 40 41 42 43 44 45 46 47 48 49 50 51 52 53 54 55 56 57 58 59 60 61 62 63 64 65 66 67 68 69 70 71 72 73 74 75 76 77 78 79 80 81 82 83 84 85 86 87 88 89 90 91 92 93 94
0 4
0 19
0 20
0 24
0 37
0 44
0 46
0 47
0 51
0 67
0 93
1 47
1 72
1 75
2 4
2 23
3 24
3 36
3 37
3 67
3 69
3 70
3 71
4 22
4 29
4 36
4 37
4 48
5 61
5 70
5 87
6 41
6 60
6 93
7 11
8 22
8 23
8 74
8 77
8 79
9 20
9 38
9 53
9 75
10 7
10 27
10 49
10 65
10 69
10 80
11 42
11 43
11 65
11 78
11 87
11 90
12 0
12 1
12 42
12 45
12 55
12 70
13 15
13 31
13 51
13 53
14 1
14 23
14 65
14 81
14 88
15 68
16 28
16 59
16 61
16 67
17 8
17 29
17 62
17 68
18 3
18 17
18 22
18 32
18 33
18 67
18 71
18 87
18 89
19 0
19 4
19 45
19 49
19 50
19 60
20 7
20 68
20 78
21 1
21 22
21 25
21 26
21 33
21 40
21 45
22 0
22 9
22 11
22 35
22 73
23 3
23 6
23 37
23 60
23 69
23 87
24 4
24 18
24 87
25 21
25 59
25 63
26 27
26 30
26 39
26 54
27 0
27 11
27 50
27 70
27 73
27 79
27 82
28 29
28 40
28 73
28 78
28 82
29 38
29 49
30 4
30 24
30 61
30 79
31 12
31 14
31 59
31 84
32 13
32 27
32 37
32 88
32 90
33 88
33 94
34 17
34 42
35 55
35 76
35 83
36 1
36 50
36 69
36 94
37 4
37 8
37 17
37 20
37 36
37 39
37 54
37 62
37 76
38 11
38 62
38 66
38 93
39 20
39 60
40 16
40 17
40 35
40 39
40 41
40 48
41 36
41 70
42 31
42 32
42 50
43 29
44 4
44 8
44 22
44 27
44 79
45 16
45 21
45 40
45 52
45 70
46 7
46 20
46 32
47 9
47 39
47 46
47 59
47 65
47 68
48 9
48 12
48 14
48 16
48 18
48 41
48 59
49 7
49 24
49 34
49 54
50 17
50 55
50 69
50 91
51 3
51 52
51 70
52 26
52 30
52 39
52 83
52 87
53 48
53 65
53 71
53 76
54 16
54 43
55 5
55 31
55 41
56 4
56 27
56 90
57 5
57 13
57 68
57 75
58 33
59 2
59 16
59 28
59 43
59 62
60 17
60 19
60 43
60 49
60 89
61 75
62 22
62 25
62 47
62 55
62 72
62 78
62 79
62 84
63 16
63 21
63 23
63 38
63 90
64 11
64 32
64 66
64 76
64 77
65 15
65 28
65 64
65 82
66 12
66 25
66 30
66 35
67 2
67 23
67 55
67 58
67 74
67 91
67 92
68 27
68 41
68 79
69 1
69 2
69 59
70 0
70 4
70 49
70 51
71 18
71 29
71 66
71 92
72 2
72 22
72 24
72 34
72 47
72 78
73 44
73 81
74 24
74 56
74 70
75 43
75 47
76 0
76 22
76 31
76 49
76 71
77 55
77 73
77 87
79 54
79 57
79 59
79 76
80 3
80 63
80 75
81 4
81 83
82 9
82 10
82 46
82 66
82 67
82 76
83 0
83 1
83 20
83 23
83 33
83 58
83 72
83 80
83 90
84 8
84 10
84 16
84 58
84 81
84 88
84 94
85 40
85 94
86 2
86 8
86 30
86 62
86 73
87 81
87 86
88 15
88 33
88 41
88 75
88 84
89 2
89 36
89 69
89 76
89 88
90 12
90 40
90 41
90 49
90 54
90 63
90 64
91 9
91 50
91 62
91 68
91 71
91 82
92 20
92 29
92 35
92 39
92 62
92 65
92 66
92 72
92 77
92 93
92 94
93 39
93 43
93 81
94 4
94 27
